
% measured positive-definite beam matrix from ATF EXT-line (16-DEC-1998)

sigm=[ 0.207608947052626E-07 -0.358805225003625E-08  0.188994869419206E-08 -0.356578805894645E-10
      -0.358805225003625E-08  0.764725490081904E-09 -0.140978531590826E-09 -0.321355499854593E-11
       0.188994869419206E-08 -0.140978531590826E-09  0.691984845950062E-09 -0.536925665775580E-10
      -0.356578805894645E-10 -0.321355499854593E-11 -0.536925665775580E-10  0.660205889063416E-11];
   
% measured non-positive-definite beam matrix from ATF EXT-line (16-DEC-1998)

nsigm=[ 0.195312335172977E-07 -0.397752561971392E-08  0.116761618765617E-08 -0.104735874627391E-09
       -0.397752561971392E-08  0.991582027603814E-09 -0.807720515032145E-09  0.517960978106664E-10
        0.116761618765617E-08 -0.807720515032145E-09  0.691958257438758E-09 -0.536926347848260E-10
       -0.104735874627391E-09  0.517960978106664E-10 -0.536926347848260E-10  0.660253183145182E-11];

